4.450658603217216847e-02 1.000000000000000000e+00
1.110146700544566989e-01 1.000000000000000000e+00
1.137527349399192200e-01 1.000000000000000000e+00
-1.911725211959958148e-02 1.000000000000000000e+00
9.103922757882998429e-02 1.000000000000000000e+00
1.224490454751953061e-01 1.000000000000000000e+00
2.847764464905117032e-02 1.000000000000000000e+00
-4.408752731316778473e-02 -1.000000000000000000e+00
4.813315496932152326e-02 1.000000000000000000e+00
9.146102065257372127e-02 1.000000000000000000e+00
7.636310773040055899e-02 1.000000000000000000e+00
5.946010731126594173e-02 1.000000000000000000e+00
1.324407642605427426e-01 1.000000000000000000e+00
8.958586953785441231e-02 1.000000000000000000e+00
1.371125045868757941e-01 1.000000000000000000e+00
7.808360228380800683e-02 1.000000000000000000e+00
1.085236856820934181e-01 1.000000000000000000e+00
9.157643725301778392e-02 1.000000000000000000e+00
8.630395342665420078e-02 1.000000000000000000e+00
1.111484053867167754e-01 1.000000000000000000e+00
6.235500535778198961e-02 1.000000000000000000e+00
8.271258640775175364e-02 1.000000000000000000e+00
1.053484248775137799e-01 1.000000000000000000e+00
6.881762626336007660e-02 1.000000000000000000e+00
8.992434311414215786e-02 1.000000000000000000e+00
1.202136762129122349e-01 1.000000000000000000e+00
1.920962907513706908e-02 1.000000000000000000e+00
1.430003968437282280e-02 1.000000000000000000e+00
1.146616944326470655e-01 1.000000000000000000e+00
6.733926726811506613e-02 1.000000000000000000e+00
8.668368353367844614e-02 1.000000000000000000e+00
1.412465344653079380e-01 1.000000000000000000e+00
7.553117870439751691e-02 1.000000000000000000e+00
1.127298656188607806e-01 1.000000000000000000e+00
1.186995671035490085e-02 1.000000000000000000e+00
7.453721452078476695e-02 1.000000000000000000e+00
3.599138552215713771e-02 1.000000000000000000e+00
6.453534441265768029e-02 1.000000000000000000e+00
1.098606870263352797e-01 1.000000000000000000e+00
5.130391305148845893e-02 1.000000000000000000e+00
1.433059427816596454e-01 1.000000000000000000e+00
8.377703048205958902e-02 1.000000000000000000e+00
7.728635907749115130e-02 1.000000000000000000e+00
1.352799888990739996e-01 1.000000000000000000e+00
1.266122806667931422e-01 1.000000000000000000e+00
-2.185925184845227687e-02 1.000000000000000000e+00
1.206803508843849460e-01 1.000000000000000000e+00
3.629815397738717087e-02 1.000000000000000000e+00
-9.950088470514373284e-03 1.000000000000000000e+00
3.076985337687015987e-02 1.000000000000000000e+00
1.236802696048263650e-01 1.000000000000000000e+00
1.078153523106774037e-01 1.000000000000000000e+00
9.696441616519274609e-02 1.000000000000000000e+00
1.147508449124080565e-01 1.000000000000000000e+00
5.141099574010210560e-02 1.000000000000000000e+00
1.295961588536292952e-01 1.000000000000000000e+00
7.058294564679223893e-02 1.000000000000000000e+00
-9.160787531710601339e-02 -1.000000000000000000e+00
7.015977121803823602e-02 1.000000000000000000e+00
1.196465368578079613e-01 1.000000000000000000e+00
1.018365998646392767e-01 1.000000000000000000e+00
1.437370076404406172e-01 1.000000000000000000e+00
1.244918519143573543e-01 1.000000000000000000e+00
1.472992926497277977e-01 1.000000000000000000e+00
8.690501948691753409e-02 1.000000000000000000e+00
1.112084462182246769e-01 1.000000000000000000e+00
8.867750241933347599e-02 1.000000000000000000e+00
5.006965592044926305e-02 1.000000000000000000e+00
7.206432710996424351e-02 1.000000000000000000e+00
7.616873564510129313e-03 1.000000000000000000e+00
-3.907934906514043405e-02 1.000000000000000000e+00
2.287232811235045959e-02 1.000000000000000000e+00
1.278141520123541319e-01 1.000000000000000000e+00
3.712899610919717652e-02 1.000000000000000000e+00
8.513114777147284817e-02 1.000000000000000000e+00
1.273264447022763313e-01 1.000000000000000000e+00
1.377369410911335468e-01 1.000000000000000000e+00
1.479703206195115417e-01 1.000000000000000000e+00
-9.424252082526174412e-03 1.000000000000000000e+00
3.565488292869894993e-02 1.000000000000000000e+00
3.723844714968299607e-02 1.000000000000000000e+00
1.101818583289100872e-01 1.000000000000000000e+00
7.501938963477350342e-02 1.000000000000000000e+00
1.160077113293721540e-01 1.000000000000000000e+00
9.911218464088417113e-02 1.000000000000000000e+00
3.864721677609977979e-02 1.000000000000000000e+00
1.189704347502643089e-01 1.000000000000000000e+00
4.186803440210662419e-02 1.000000000000000000e+00
1.215880105429016922e-01 1.000000000000000000e+00
1.428026749582584909e-01 1.000000000000000000e+00
1.083822775455096088e-01 1.000000000000000000e+00
1.249047334741378301e-01 1.000000000000000000e+00
3.384197083917073190e-03 1.000000000000000000e+00
3.276393183493470085e-02 1.000000000000000000e+00
6.692710316303646101e-02 1.000000000000000000e+00
1.215582529057817052e-01 1.000000000000000000e+00
4.607406397907548579e-02 1.000000000000000000e+00
9.959341652724207350e-02 1.000000000000000000e+00
1.154820915778659307e-02 1.000000000000000000e+00
3.973785848980976310e-02 1.000000000000000000e+00
1.045793128625412405e-01 1.000000000000000000e+00
1.377298051938420920e-01 1.000000000000000000e+00
8.796909121067547632e-02 1.000000000000000000e+00
1.056597633379406931e-01 1.000000000000000000e+00
8.680327361320416824e-02 1.000000000000000000e+00
1.318595970507579485e-01 1.000000000000000000e+00
-9.526957646413314329e-03 1.000000000000000000e+00
1.009459929867250194e-01 1.000000000000000000e+00
1.125450638373624024e-01 1.000000000000000000e+00
7.715158887613432492e-02 1.000000000000000000e+00
8.494639648199708848e-02 1.000000000000000000e+00
7.432394316196377915e-02 1.000000000000000000e+00
6.435218569960382551e-02 1.000000000000000000e+00
1.331461279053024471e-01 1.000000000000000000e+00
8.674620691894258107e-02 1.000000000000000000e+00
2.420037278713838003e-02 1.000000000000000000e+00
3.773205035375093441e-02 1.000000000000000000e+00
1.316519357675577928e-01 1.000000000000000000e+00
7.191977987531189553e-02 1.000000000000000000e+00
6.219872541761944928e-02 1.000000000000000000e+00
7.261597349265042078e-02 1.000000000000000000e+00
7.179297588972344268e-02 1.000000000000000000e+00
3.333991616596826413e-02 1.000000000000000000e+00
3.617173165436449178e-02 1.000000000000000000e+00
6.399115767055224557e-02 1.000000000000000000e+00
3.843028643675283629e-02 1.000000000000000000e+00
-1.367258038507845885e-02 1.000000000000000000e+00
8.219658098953958048e-02 1.000000000000000000e+00
7.990675545158854032e-02 1.000000000000000000e+00
9.709530105310187897e-02 1.000000000000000000e+00
5.943953877938168429e-02 1.000000000000000000e+00
8.553217282849590042e-02 1.000000000000000000e+00
1.280421147811777738e-01 1.000000000000000000e+00
-5.588840307419440379e-02 -1.000000000000000000e+00
1.035522596452883581e-01 1.000000000000000000e+00
2.348535822262254324e-02 1.000000000000000000e+00
5.148327554566978215e-02 1.000000000000000000e+00
8.782042230581121878e-02 1.000000000000000000e+00
2.126896498824681903e-02 1.000000000000000000e+00
6.318514772463584839e-02 1.000000000000000000e+00
7.496445583861488515e-02 1.000000000000000000e+00
-2.018758070368043001e-02 1.000000000000000000e+00
2.145643996752560900e-02 1.000000000000000000e+00
8.921291853553126039e-02 1.000000000000000000e+00
-1.856695542497954765e-02 1.000000000000000000e+00
1.394923892532690113e-01 1.000000000000000000e+00
1.154578630616745483e-01 1.000000000000000000e+00
-4.173222885161831375e-02 -1.000000000000000000e+00
1.343279314516144796e-01 1.000000000000000000e+00
6.955536489727170979e-02 1.000000000000000000e+00
8.832320261357901048e-02 1.000000000000000000e+00
3.962972187073332542e-02 1.000000000000000000e+00
9.164536467155698363e-02 1.000000000000000000e+00
6.403253609327075324e-02 1.000000000000000000e+00
1.451971407234756151e-01 1.000000000000000000e+00
1.032801348550467235e-01 1.000000000000000000e+00
5.391889330091692578e-02 1.000000000000000000e+00
1.231151306032050585e-01 1.000000000000000000e+00
7.837095396965776395e-02 1.000000000000000000e+00
6.568977366901646020e-02 1.000000000000000000e+00
1.247136429234184107e-01 1.000000000000000000e+00
3.943770750394481883e-02 1.000000000000000000e+00
3.847867439313373827e-02 1.000000000000000000e+00
7.926496942810890012e-02 1.000000000000000000e+00
2.611784625646357272e-02 1.000000000000000000e+00
1.237771473800729494e-01 1.000000000000000000e+00
1.343248704076555611e-01 1.000000000000000000e+00
1.467173577556496467e-02 1.000000000000000000e+00
4.554679286463247934e-03 1.000000000000000000e+00
1.021037662913900634e-01 1.000000000000000000e+00
6.863365086776102020e-02 1.000000000000000000e+00
1.252566283531102997e-01 1.000000000000000000e+00
9.548588801714880114e-02 1.000000000000000000e+00
8.216319919022008200e-02 1.000000000000000000e+00
-1.572781487839314263e-02 1.000000000000000000e+00
4.187374811707228472e-02 1.000000000000000000e+00
7.805549068250183797e-02 1.000000000000000000e+00
7.741558034297563173e-02 1.000000000000000000e+00
5.345315457969157524e-02 1.000000000000000000e+00
-6.118425597352283862e-02 -1.000000000000000000e+00
-6.750017588430523574e-05 1.000000000000000000e+00
9.412294931837883460e-02 1.000000000000000000e+00
2.876754929134239802e-02 1.000000000000000000e+00
1.091276460980857843e-01 1.000000000000000000e+00
1.129678247233079635e-01 1.000000000000000000e+00
2.603033475901284088e-02 1.000000000000000000e+00
-5.430095422780811809e-02 -1.000000000000000000e+00
4.753430085587206921e-02 1.000000000000000000e+00
4.885499579251473268e-02 1.000000000000000000e+00
1.966903123894142569e-02 1.000000000000000000e+00
-5.901653585261668056e-02 -1.000000000000000000e+00
-5.338076834544291938e-02 -1.000000000000000000e+00
2.224005438518988909e-02 1.000000000000000000e+00
4.406321886456232573e-02 1.000000000000000000e+00
4.976207367451579433e-02 1.000000000000000000e+00
-5.226222844752559382e-02 -1.000000000000000000e+00
8.118096947480135661e-02 1.000000000000000000e+00
-8.079620965449119119e-03 1.000000000000000000e+00
-2.358604625952742673e-02 1.000000000000000000e+00
2.479635517268574674e-02 1.000000000000000000e+00
1.132124285391762353e-01 1.000000000000000000e+00
-2.207916339495719082e-02 1.000000000000000000e+00
8.436859737373775259e-02 1.000000000000000000e+00
3.282955451506286426e-02 1.000000000000000000e+00
6.188875301431934206e-02 1.000000000000000000e+00
2.769359218298483860e-02 1.000000000000000000e+00
-1.353857278240877537e-02 1.000000000000000000e+00
7.437889687144666473e-02 1.000000000000000000e+00
2.771645800607053234e-02 1.000000000000000000e+00
7.702143849769715889e-02 1.000000000000000000e+00
-7.321212746995653387e-02 -1.000000000000000000e+00
-2.743059903761446705e-03 1.000000000000000000e+00
7.200477736792199046e-02 1.000000000000000000e+00
4.381057642126623408e-02 1.000000000000000000e+00
-1.201422370186822075e-02 1.000000000000000000e+00
2.627971857947497547e-02 1.000000000000000000e+00
6.286088625758451398e-02 1.000000000000000000e+00
2.073318814538527288e-02 1.000000000000000000e+00
1.020928815790920208e-01 1.000000000000000000e+00
9.331235790388026086e-02 1.000000000000000000e+00
9.128959258557073353e-02 1.000000000000000000e+00
6.078160936687926341e-02 1.000000000000000000e+00
1.735754639600789462e-02 1.000000000000000000e+00
3.367898839518052023e-02 1.000000000000000000e+00
-4.689948132480470377e-03 1.000000000000000000e+00
-3.086140459598496477e-02 1.000000000000000000e+00
6.296159676116130921e-03 1.000000000000000000e+00
5.161237643893729077e-02 1.000000000000000000e+00
-2.574987734166200859e-02 1.000000000000000000e+00
2.339224925295785296e-02 1.000000000000000000e+00
5.314689730547517144e-02 1.000000000000000000e+00
4.583425654035050423e-02 1.000000000000000000e+00
8.820418610250585489e-02 1.000000000000000000e+00
7.706686801864076619e-02 1.000000000000000000e+00
6.619775544304085102e-02 1.000000000000000000e+00
-6.607915756346560698e-03 1.000000000000000000e+00
-4.195046487000109181e-02 -1.000000000000000000e+00
-7.116150769752693783e-03 1.000000000000000000e+00
6.728127198826872046e-02 1.000000000000000000e+00
-2.420466765078010951e-03 1.000000000000000000e+00
-1.718438372843378303e-02 1.000000000000000000e+00
-1.020114143633499282e-02 1.000000000000000000e+00
-4.340089549785863809e-02 -1.000000000000000000e+00
-1.210278053704594292e-02 1.000000000000000000e+00
-4.789437214106051499e-02 -1.000000000000000000e+00
-3.191065225283107321e-02 1.000000000000000000e+00
1.897304171629204950e-02 1.000000000000000000e+00
-8.186053544561033846e-02 -1.000000000000000000e+00
1.963738500339123894e-02 1.000000000000000000e+00
1.003074362642694672e-01 1.000000000000000000e+00
-4.442408807852560315e-02 -1.000000000000000000e+00
3.535399807012817863e-02 1.000000000000000000e+00
-1.223844741412083437e-02 1.000000000000000000e+00
1.520986306377797304e-02 1.000000000000000000e+00
1.221823801335589210e-01 1.000000000000000000e+00
-6.340134767995808662e-02 -1.000000000000000000e+00
-3.765985380719671927e-02 1.000000000000000000e+00
3.038239444149598567e-02 1.000000000000000000e+00
-5.508923600784709773e-02 -1.000000000000000000e+00
9.590418906663045195e-02 1.000000000000000000e+00
2.315620939189672045e-02 1.000000000000000000e+00
4.608945974705846993e-03 1.000000000000000000e+00
8.703308057559677735e-02 1.000000000000000000e+00
-1.347996196803136204e-02 1.000000000000000000e+00
-6.157670802940939936e-04 1.000000000000000000e+00
1.116951819958744707e-02 1.000000000000000000e+00
1.713248233501968310e-02 1.000000000000000000e+00
4.108216424331967431e-02 1.000000000000000000e+00
1.776935949014413207e-02 1.000000000000000000e+00
-6.674024446859472270e-02 -1.000000000000000000e+00
1.078915819093029804e-01 1.000000000000000000e+00
-6.781085429843902723e-03 1.000000000000000000e+00
8.477887700573155660e-02 1.000000000000000000e+00
2.990896737052495258e-03 1.000000000000000000e+00
9.298521357488481742e-02 1.000000000000000000e+00
-6.533547024125219149e-02 -1.000000000000000000e+00
9.434712048878002300e-02 1.000000000000000000e+00
1.856840201387655043e-03 1.000000000000000000e+00
1.024556794347404876e-01 1.000000000000000000e+00
6.756771324136928714e-02 1.000000000000000000e+00
-8.297064405319132252e-02 -1.000000000000000000e+00
1.357261405634733742e-01 1.000000000000000000e+00
2.685995885906600211e-02 1.000000000000000000e+00
1.059442435410325456e-01 1.000000000000000000e+00
-3.615338210455232293e-02 1.000000000000000000e+00
-6.508269228466501133e-02 -1.000000000000000000e+00
4.781934147990785089e-02 1.000000000000000000e+00
9.329121621587765922e-02 1.000000000000000000e+00
8.938955883834476257e-03 1.000000000000000000e+00
7.815374477016795440e-02 1.000000000000000000e+00
6.457415414430572875e-02 1.000000000000000000e+00
7.493848974701733390e-04 1.000000000000000000e+00
-6.403544323841525721e-02 -1.000000000000000000e+00
8.152025364792536699e-03 1.000000000000000000e+00
1.170039347511891981e-01 1.000000000000000000e+00
-9.992097539018529595e-03 1.000000000000000000e+00
3.715666673727985314e-02 1.000000000000000000e+00
6.508757578275237154e-02 1.000000000000000000e+00
2.487511672392767048e-02 1.000000000000000000e+00
5.153530374507225842e-02 1.000000000000000000e+00
3.188154977293744530e-03 1.000000000000000000e+00
7.593596368949773190e-02 1.000000000000000000e+00
1.009863667634672835e-01 1.000000000000000000e+00
-7.082467978858364432e-05 1.000000000000000000e+00
5.146227570235395454e-02 1.000000000000000000e+00
1.157328909351985069e-01 1.000000000000000000e+00
9.186807325548534964e-02 1.000000000000000000e+00
-6.821540309325768714e-02 -1.000000000000000000e+00
8.457597272905631458e-02 1.000000000000000000e+00
8.782273042709581867e-02 1.000000000000000000e+00
3.528080761923424458e-02 1.000000000000000000e+00
-4.115892979933755136e-03 1.000000000000000000e+00
3.466033471262058852e-02 1.000000000000000000e+00
2.258459739630896967e-02 1.000000000000000000e+00
-2.844395597097282291e-02 1.000000000000000000e+00
-6.772246873315224125e-02 -1.000000000000000000e+00
3.477172457038907316e-02 1.000000000000000000e+00
2.911869108403780659e-02 1.000000000000000000e+00
-7.439043413715351605e-02 -1.000000000000000000e+00
-5.579498186475440047e-02 -1.000000000000000000e+00
2.170819730259704317e-02 1.000000000000000000e+00
6.213746825409399710e-02 1.000000000000000000e+00
-3.244125452235768758e-02 1.000000000000000000e+00
-4.085685395852634016e-02 1.000000000000000000e+00
7.304102469902817862e-03 1.000000000000000000e+00
8.665515224993242116e-02 1.000000000000000000e+00
1.277162223238276773e-01 1.000000000000000000e+00
-5.792395568372454839e-02 -1.000000000000000000e+00
7.166565727566492905e-02 1.000000000000000000e+00
1.021180206454035955e-01 1.000000000000000000e+00
6.541918360862408743e-02 1.000000000000000000e+00
1.339233956949020810e-02 1.000000000000000000e+00
4.769972330318061893e-03 1.000000000000000000e+00
-4.627755924769649809e-02 -1.000000000000000000e+00
-1.265741976186218753e-02 1.000000000000000000e+00
3.532322880411853383e-02 1.000000000000000000e+00
1.352050443814966085e-01 1.000000000000000000e+00
3.768653087781076438e-02 1.000000000000000000e+00
-8.280138526720492997e-03 1.000000000000000000e+00
8.142809405962481151e-02 1.000000000000000000e+00
-2.498653910284920343e-03 1.000000000000000000e+00
-1.730216843152643236e-02 1.000000000000000000e+00
9.766185201073585009e-02 1.000000000000000000e+00
-9.483166550887434099e-03 1.000000000000000000e+00
1.121717388138286364e-01 1.000000000000000000e+00
-5.474248884195898057e-03 1.000000000000000000e+00
4.233222294082844561e-02 1.000000000000000000e+00
4.352969312551480119e-02 1.000000000000000000e+00
9.703349815973766335e-02 1.000000000000000000e+00
9.965105799477436133e-02 1.000000000000000000e+00
3.772101291978169346e-02 1.000000000000000000e+00
-5.603112884121763670e-02 -1.000000000000000000e+00
-1.711225847968389502e-02 1.000000000000000000e+00
-5.152656408232703100e-03 1.000000000000000000e+00
-2.576376443283800999e-02 1.000000000000000000e+00
1.201917128956682124e-01 1.000000000000000000e+00
1.139464376057369166e-01 1.000000000000000000e+00
-2.025723979629867610e-02 1.000000000000000000e+00
2.954462784809813725e-02 1.000000000000000000e+00
-2.262639810829691900e-02 1.000000000000000000e+00
-5.590696609709178144e-02 -1.000000000000000000e+00
6.424178945350700332e-02 1.000000000000000000e+00
4.330454598398481014e-02 1.000000000000000000e+00
1.041063244775520813e-01 1.000000000000000000e+00
1.085897862691605487e-01 1.000000000000000000e+00
-2.549685498807763295e-02 1.000000000000000000e+00
-2.790352936685225327e-02 1.000000000000000000e+00
6.946554319158776414e-02 1.000000000000000000e+00
2.686358480873235477e-02 1.000000000000000000e+00
9.854047784398400900e-02 1.000000000000000000e+00
1.064880475171159913e-01 1.000000000000000000e+00
-7.875897434041490008e-03 1.000000000000000000e+00
7.907972510949767830e-02 1.000000000000000000e+00
-6.744634195086718353e-02 -1.000000000000000000e+00
-2.346648373575688229e-02 1.000000000000000000e+00
8.542504911024600966e-02 1.000000000000000000e+00
-1.037683060873573204e-02 1.000000000000000000e+00
3.637289751199596077e-02 1.000000000000000000e+00
-1.270785706642574286e-02 1.000000000000000000e+00
-1.481576523679251078e-02 1.000000000000000000e+00
3.063364480883074004e-02 1.000000000000000000e+00
8.271904108347988283e-02 1.000000000000000000e+00
-1.796874690208816183e-02 1.000000000000000000e+00
1.095089491249124358e-01 1.000000000000000000e+00
8.638251271708369261e-02 1.000000000000000000e+00
-1.610914892811055044e-02 1.000000000000000000e+00
4.616405878143231556e-02 1.000000000000000000e+00
1.294966304711475114e-01 1.000000000000000000e+00
-7.326372685037774168e-03 1.000000000000000000e+00
-4.104953118076015706e-02 1.000000000000000000e+00
-7.298483984186665552e-02 -1.000000000000000000e+00
6.257910603140698358e-02 1.000000000000000000e+00
-3.709008519990630859e-02 1.000000000000000000e+00
4.314448103669932255e-02 1.000000000000000000e+00
-8.152901753758601266e-03 1.000000000000000000e+00
9.892614277591887939e-02 1.000000000000000000e+00
-3.920897336017303836e-03 1.000000000000000000e+00
2.978335644642893243e-03 1.000000000000000000e+00
1.468004875971495871e-02 1.000000000000000000e+00
1.777466841869329572e-02 1.000000000000000000e+00
-4.764536001002017684e-03 1.000000000000000000e+00
2.761363086678791934e-03 1.000000000000000000e+00
-2.285306594152280990e-02 1.000000000000000000e+00
9.857575405169372029e-02 1.000000000000000000e+00
-1.602817123747946049e-02 1.000000000000000000e+00
4.003612893600105860e-02 1.000000000000000000e+00
7.790672653126229363e-02 1.000000000000000000e+00
-5.444516867469528787e-02 -1.000000000000000000e+00
-2.053639761459336022e-03 1.000000000000000000e+00
-7.907184310630976931e-03 1.000000000000000000e+00
3.720126940483287070e-02 1.000000000000000000e+00
-3.213163868540180879e-02 1.000000000000000000e+00
9.100002055489886388e-03 1.000000000000000000e+00
-6.592007133981514500e-02 -1.000000000000000000e+00
-1.617237801622117832e-02 1.000000000000000000e+00
5.101605744857856672e-02 1.000000000000000000e+00
3.601620934393334750e-02 1.000000000000000000e+00
9.238577770095574015e-02 1.000000000000000000e+00
1.341685464119762861e-02 1.000000000000000000e+00
-1.125107104622635745e-02 1.000000000000000000e+00
8.990400431674316906e-04 1.000000000000000000e+00
1.155566410476263073e-01 1.000000000000000000e+00
1.982335190705980521e-02 1.000000000000000000e+00
1.795165609714299837e-02 1.000000000000000000e+00
1.108919888939867149e-01 1.000000000000000000e+00
-9.839672680285294071e-03 1.000000000000000000e+00
1.130455762950182130e-01 1.000000000000000000e+00
5.812124045798428007e-02 1.000000000000000000e+00
9.686571907380209234e-02 1.000000000000000000e+00
-4.191901413909615570e-02 -1.000000000000000000e+00
4.952416877554322028e-02 1.000000000000000000e+00
1.069107401970755267e-01 1.000000000000000000e+00
4.596783346949112614e-02 1.000000000000000000e+00
2.008032873159598664e-02 1.000000000000000000e+00
2.845661364219598255e-02 1.000000000000000000e+00
-2.998358216802843312e-02 1.000000000000000000e+00


-2.003502098764605721e-01 -1.000000000000000000e+00
-7.461538798262268291e-02 -1.000000000000000000e+00
-1.984573828824053310e-01 -1.000000000000000000e+00
-1.956277300400404151e-01 -1.000000000000000000e+00
-2.027234587211550476e-01 -1.000000000000000000e+00
-2.008242175797011475e-01 -1.000000000000000000e+00
-1.989301094914683876e-01 -1.000000000000000000e+00
-1.937476664280577410e-01 -1.000000000000000000e+00
-2.041512665101185009e-01 -1.000000000000000000e+00
-1.928095409396367588e-01 -1.000000000000000000e+00
-1.946870622214904589e-01 -1.000000000000000000e+00
-6.985012356120101629e-02 -1.000000000000000000e+00
-2.017731956502435420e-01 -1.000000000000000000e+00
-2.031990726754087095e-01 -1.000000000000000000e+00
-2.027234587211550476e-01 -1.000000000000000000e+00
-1.610264437438951868e-01 -1.000000000000000000e+00
-2.027234587211550476e-01 -1.000000000000000000e+00
-2.003502098764605721e-01 -1.000000000000000000e+00
-2.003502098764605721e-01 -1.000000000000000000e+00
-1.174153572428799919e-01 -1.000000000000000000e+00
-1.994031560491101862e-01 -1.000000000000000000e+00
-2.017731956502435420e-01 -1.000000000000000000e+00
-2.008242175797011475e-01 -1.000000000000000000e+00
-2.046278468264595141e-01 -1.000000000000000000e+00
-1.932784450031365120e-01 -1.000000000000000000e+00
-2.003502098764605721e-01 -1.000000000000000000e+00
-2.046278468264595141e-01 -1.000000000000000000e+00
-2.012985460985844410e-01 -1.000000000000000000e+00
-1.979849760055213403e-01 -1.000000000000000000e+00
-1.918726840384480381e-01 -1.000000000000000000e+00
-2.022481664519580891e-01 -1.000000000000000000e+00
-1.688453731315499029e-01 -1.000000000000000000e+00
-2.046278468264595141e-01 -1.000000000000000000e+00
-2.008242175797011475e-01 -1.000000000000000000e+00
-1.868725378658979697e-01 -1.000000000000000000e+00
-2.027234587211550476e-01 -1.000000000000000000e+00
-5.978976496550947317e-02 -1.000000000000000000e+00
-1.956277300400404151e-01 -1.000000000000000000e+00
-2.008242175797011475e-01 -1.000000000000000000e+00
-1.998765227718767301e-01 -1.000000000000000000e+00
-1.864796903407791584e-01 -1.000000000000000000e+00
-8.355761463220445773e-02 -1.000000000000000000e+00
-8.806823776532990422e-02 -1.000000000000000000e+00
-1.869443102648556954e-01 -1.000000000000000000e+00
-2.027234587211550476e-01 -1.000000000000000000e+00
-2.031990726754087095e-01 -1.000000000000000000e+00
-2.017731956502435420e-01 -1.000000000000000000e+00
-1.864796903407791584e-01 -1.000000000000000000e+00
-7.879304587627744549e-02 -1.000000000000000000e+00
-1.797947902842872425e-01 -1.000000000000000000e+00
-1.994031560491101862e-01 -1.000000000000000000e+00
-9.758512033167354716e-02 -1.000000000000000000e+00
-1.382117565080239752e-01 -1.000000000000000000e+00
-2.046278468264595141e-01 -1.000000000000000000e+00
-8.403828972696514299e-02 -1.000000000000000000e+00
-1.956277300400404151e-01 -1.000000000000000000e+00
-2.022481664519580891e-01 -1.000000000000000000e+00
-2.008242175797011475e-01 -1.000000000000000000e+00
-2.008242175797011475e-01 -1.000000000000000000e+00
-1.956277300400404151e-01 -1.000000000000000000e+00
-1.407758541393747675e-01 -1.000000000000000000e+00
-6.129231161926063098e-02 -1.000000000000000000e+00
-4.831627516183412130e-02 -1.000000000000000000e+00
-2.012985460985844410e-01 -1.000000000000000000e+00
-2.027234587211550476e-01 -1.000000000000000000e+00
-2.027234587211550476e-01 -1.000000000000000000e+00
-5.539341553805288143e-02 -1.000000000000000000e+00
-1.979849760055213403e-01 -1.000000000000000000e+00
-1.951572370200282958e-01 -1.000000000000000000e+00
-2.027234587211550476e-01 -1.000000000000000000e+00
-6.181690583716215048e-02 -1.000000000000000000e+00
-1.767949372216702786e-01 -1.000000000000000000e+00
-2.008242175797011475e-01 -1.000000000000000000e+00
-9.105746847078111106e-02 -1.000000000000000000e+00
-4.495758606834998616e-02 -1.000000000000000000e+00
-1.942172054291956274e-01 -1.000000000000000000e+00
-2.031990726754087095e-01 -1.000000000000000000e+00
-1.970411205834237123e-01 -1.000000000000000000e+00
-1.942172054291956274e-01 -1.000000000000000000e+00
-2.027234587211550476e-01 -1.000000000000000000e+00
-1.864796903407791584e-01 -1.000000000000000000e+00
-1.994031560491101862e-01 -1.000000000000000000e+00
-1.932784450031365120e-01 -1.000000000000000000e+00
-1.886036502627600475e-01 -1.000000000000000000e+00
-1.918726840384480381e-01 -1.000000000000000000e+00
-1.101479917418456411e-01 -1.000000000000000000e+00
-6.734413904919600569e-02 -1.000000000000000000e+00
-1.951572370200282958e-01 -1.000000000000000000e+00
-1.534494966630731705e-01 -1.000000000000000000e+00
-1.804681507789366313e-01 -1.000000000000000000e+00
-2.027234587211550476e-01 -1.000000000000000000e+00
-6.600985118941593566e-02 -1.000000000000000000e+00
-2.003502098764605721e-01 -1.000000000000000000e+00
-1.769126380046561753e-01 -1.000000000000000000e+00
-1.994031560491101862e-01 -1.000000000000000000e+00
-1.951572370200282958e-01 -1.000000000000000000e+00
-1.984573828824053310e-01 -1.000000000000000000e+00
-1.989301094914683876e-01 -1.000000000000000000e+00
-2.008242175797011475e-01 -1.000000000000000000e+00
-1.683970567354449166e-01 -1.000000000000000000e+00
-1.413628869687805212e-01 -1.000000000000000000e+00
-1.761252115729649015e-01 -1.000000000000000000e+00
-1.467246593357496298e-02 1.000000000000000000e+00
-5.577373576545163747e-02 -1.000000000000000000e+00
-8.060036989897167992e-02 -1.000000000000000000e+00
-1.853365348795420475e-01 -1.000000000000000000e+00
-2.046278468264595141e-01 -1.000000000000000000e+00
-7.776672934965522810e-02 -1.000000000000000000e+00
-8.817815331803224854e-02 -1.000000000000000000e+00
-2.022481664519580891e-01 -1.000000000000000000e+00
-9.320537960363228791e-02 -1.000000000000000000e+00
-2.027234587211550476e-01 -1.000000000000000000e+00
-1.975128886445631782e-01 -1.000000000000000000e+00
-1.960985414969040885e-01 -1.000000000000000000e+00
-2.046278468264595141e-01 -1.000000000000000000e+00
-9.710603668536088584e-02 -1.000000000000000000e+00
-1.082012495739225200e-01 -1.000000000000000000e+00
-1.153472907120496327e-01 -1.000000000000000000e+00
-5.706676322155335157e-02 -1.000000000000000000e+00
-2.017731956502435420e-01 -1.000000000000000000e+00
-2.027234587211550476e-01 -1.000000000000000000e+00
-1.106451655504301357e-01 -1.000000000000000000e+00
-2.022481664519580891e-01 -1.000000000000000000e+00
-1.923409540229087389e-01 -1.000000000000000000e+00
-7.625636401734381398e-02 -1.000000000000000000e+00
-1.909370940090349134e-01 -1.000000000000000000e+00
-1.994031560491101862e-01 -1.000000000000000000e+00
-1.956277300400404151e-01 -1.000000000000000000e+00
-2.008242175797011475e-01 -1.000000000000000000e+00
-1.222902839947223042e-01 -1.000000000000000000e+00
-5.423161826731293100e-02 -1.000000000000000000e+00
-1.989301094914683876e-01 -1.000000000000000000e+00
-2.046278468264595141e-01 -1.000000000000000000e+00
-1.816370414523658106e-01 -1.000000000000000000e+00
-1.148742514201622766e-01 -1.000000000000000000e+00
-2.008242175797011475e-01 -1.000000000000000000e+00
-2.003502098764605721e-01 -1.000000000000000000e+00
-1.942172054291956274e-01 -1.000000000000000000e+00
-1.998765227718767301e-01 -1.000000000000000000e+00
-1.639821579592882772e-01 -1.000000000000000000e+00
-2.008242175797011475e-01 -1.000000000000000000e+00
-2.031990726754087095e-01 -1.000000000000000000e+00
-2.022481664519580891e-01 -1.000000000000000000e+00
-1.793350059915435057e-01 -1.000000000000000000e+00
-1.888059367087140394e-01 -1.000000000000000000e+00
-1.956277300400404151e-01 -1.000000000000000000e+00
-1.846243510113644293e-01 -1.000000000000000000e+00
-1.800079110537841087e-01 -1.000000000000000000e+00
-2.022481664519580891e-01 -1.000000000000000000e+00
-1.079793485509202844e-01 -1.000000000000000000e+00
-6.953322065844536048e-02 -1.000000000000000000e+00
-2.046278468264595141e-01 -1.000000000000000000e+00
-1.914047307718947932e-01 -1.000000000000000000e+00
-1.989301094914683876e-01 -1.000000000000000000e+00
-5.763197716568446705e-02 -1.000000000000000000e+00
-6.676236045293926225e-02 -1.000000000000000000e+00
-1.785581551398521816e-01 -1.000000000000000000e+00
-1.946870622214904589e-01 -1.000000000000000000e+00
-1.869443102648556954e-01 -1.000000000000000000e+00
-2.027234587211550476e-01 -1.000000000000000000e+00
-9.877621878961462265e-02 -1.000000000000000000e+00
-1.989301094914683876e-01 -1.000000000000000000e+00
-1.855513930275675127e-01 -1.000000000000000000e+00
-2.046278468264595141e-01 -1.000000000000000000e+00
-1.901333534671794112e-01 -1.000000000000000000e+00
-7.140291929401509918e-02 -1.000000000000000000e+00
-1.895360806026410438e-01 -1.000000000000000000e+00
-1.989301094914683876e-01 -1.000000000000000000e+00
-7.594358260771050251e-02 -1.000000000000000000e+00
-2.003502098764605721e-01 -1.000000000000000000e+00
-2.008242175797011475e-01 -1.000000000000000000e+00
-2.031990726754087095e-01 -1.000000000000000000e+00
-2.041512665101185009e-01 -1.000000000000000000e+00
-2.022481664519580891e-01 -1.000000000000000000e+00
-1.989301094914683876e-01 -1.000000000000000000e+00
-2.041512665101185009e-01 -1.000000000000000000e+00
-2.008242175797011475e-01 -1.000000000000000000e+00
-2.031990726754087095e-01 -1.000000000000000000e+00
-1.349783244787708947e-01 -1.000000000000000000e+00
-1.946870622214904589e-01 -1.000000000000000000e+00
-2.027234587211550476e-01 -1.000000000000000000e+00
-1.989301094914683876e-01 -1.000000000000000000e+00
-2.027234587211550476e-01 -1.000000000000000000e+00
-2.003502098764605721e-01 -1.000000000000000000e+00
-2.027234587211550476e-01 -1.000000000000000000e+00
-1.994031560491101862e-01 -1.000000000000000000e+00
-5.927579900821455805e-02 -1.000000000000000000e+00
-9.295019979284913081e-02 -1.000000000000000000e+00
-2.012985460985844410e-01 -1.000000000000000000e+00
-1.895360806026410438e-01 -1.000000000000000000e+00
-1.994031560491101862e-01 -1.000000000000000000e+00
-2.008242175797011475e-01 -1.000000000000000000e+00
-1.984573828824053310e-01 -1.000000000000000000e+00
-2.027234587211550476e-01 -1.000000000000000000e+00
-1.897386409623618153e-01 -1.000000000000000000e+00
-5.202505612599439555e-02 -1.000000000000000000e+00
-1.979849760055213403e-01 -1.000000000000000000e+00
-2.022481664519580891e-01 -1.000000000000000000e+00
-1.923409540229087389e-01 -1.000000000000000000e+00
-1.420708074543830524e-02 1.000000000000000000e+00
-8.529341108256138781e-02 -1.000000000000000000e+00
-2.027234587211550476e-01 -1.000000000000000000e+00
-7.052695826222821207e-02 -1.000000000000000000e+00
-2.027234587211550476e-01 -1.000000000000000000e+00
-1.946870622214904589e-01 -1.000000000000000000e+00
-1.906726081801891626e-01 -1.000000000000000000e+00
-1.975128886445631782e-01 -1.000000000000000000e+00
-5.382325529692499888e-02 -1.000000000000000000e+00
-1.578517660148806012e-01 -1.000000000000000000e+00
-1.051517909625171443e-01 -1.000000000000000000e+00
-2.012985460985844410e-01 -1.000000000000000000e+00
-1.979849760055213403e-01 -1.000000000000000000e+00
-1.906726081801891626e-01 -1.000000000000000000e+00
-2.022481664519580891e-01 -1.000000000000000000e+00
-2.022481664519580891e-01 -1.000000000000000000e+00
-1.811760111392605177e-01 -1.000000000000000000e+00
-2.031990726754087095e-01 -1.000000000000000000e+00
-1.024463237300144991e-01 -1.000000000000000000e+00
-2.046278468264595141e-01 -1.000000000000000000e+00
-2.041512665101185009e-01 -1.000000000000000000e+00
-2.046278468264595141e-01 -1.000000000000000000e+00
-2.027234587211550476e-01 -1.000000000000000000e+00
-1.937476664280577410e-01 -1.000000000000000000e+00
-1.998765227718767301e-01 -1.000000000000000000e+00
-7.164459491459684859e-02 -1.000000000000000000e+00
-2.031990726754087095e-01 -1.000000000000000000e+00
-2.008242175797011475e-01 -1.000000000000000000e+00
-2.027234587211550476e-01 -1.000000000000000000e+00
-1.914047307718947932e-01 -1.000000000000000000e+00
-2.022481664519580891e-01 -1.000000000000000000e+00
-1.551512730198298939e-01 -1.000000000000000000e+00
-2.027234587211550476e-01 -1.000000000000000000e+00
-2.046278468264595141e-01 -1.000000000000000000e+00
-2.031990726754087095e-01 -1.000000000000000000e+00
-1.804681507789366313e-01 -1.000000000000000000e+00
-5.287683128380415987e-02 -1.000000000000000000e+00
-1.002535169838369988e-01 -1.000000000000000000e+00
-5.910046162854210028e-02 -1.000000000000000000e+00
-2.046278468264595141e-01 -1.000000000000000000e+00
-1.212051217930408820e-01 -1.000000000000000000e+00
-6.018676139103684708e-02 -1.000000000000000000e+00
-2.027234587211550476e-01 -1.000000000000000000e+00
-2.031990726754087095e-01 -1.000000000000000000e+00
-1.823122267611730907e-01 -1.000000000000000000e+00
-6.622490086474042137e-02 -1.000000000000000000e+00
-1.956277300400404151e-01 -1.000000000000000000e+00
-2.031990726754087095e-01 -1.000000000000000000e+00
-2.008242175797011475e-01 -1.000000000000000000e+00
-1.410406793987997176e-01 -1.000000000000000000e+00
-5.274423753564760897e-02 -1.000000000000000000e+00
-2.022481664519580891e-01 -1.000000000000000000e+00
-1.998765227718767301e-01 -1.000000000000000000e+00
-1.920759308063868520e-01 -1.000000000000000000e+00
-2.863714377241211029e-02 1.000000000000000000e+00
-1.994031560491101862e-01 -1.000000000000000000e+00
-2.022481664519580891e-01 -1.000000000000000000e+00
-1.979849760055213403e-01 -1.000000000000000000e+00
-2.017731956502435420e-01 -1.000000000000000000e+00
-2.046278468264595141e-01 -1.000000000000000000e+00
-2.022481664519580891e-01 -1.000000000000000000e+00
-1.888059367087140394e-01 -1.000000000000000000e+00
-1.054724510813846994e-01 -1.000000000000000000e+00
-1.380090357452821159e-01 -1.000000000000000000e+00
-1.956277300400404151e-01 -1.000000000000000000e+00
-2.027234587211550476e-01 -1.000000000000000000e+00
-1.349334936482389224e-01 -1.000000000000000000e+00
-1.989301094914683876e-01 -1.000000000000000000e+00
-2.008242175797011475e-01 -1.000000000000000000e+00
-1.663373028279482302e-01 -1.000000000000000000e+00
-6.502457583771636962e-02 -1.000000000000000000e+00
-1.951572370200282958e-01 -1.000000000000000000e+00
-9.567687813430292287e-02 -1.000000000000000000e+00
-1.798658231181943234e-01 -1.000000000000000000e+00
-1.937476664280577410e-01 -1.000000000000000000e+00
-1.398934751922015218e-01 -1.000000000000000000e+00
-1.951572370200282958e-01 -1.000000000000000000e+00
-1.817794995621105913e-01 -1.000000000000000000e+00
-2.008242175797011475e-01 -1.000000000000000000e+00
-1.410160007303861152e-01 -1.000000000000000000e+00
-8.014733383319716520e-02 -1.000000000000000000e+00
-2.027234587211550476e-01 -1.000000000000000000e+00
-2.046278468264595141e-01 -1.000000000000000000e+00
-2.041512665101185009e-01 -1.000000000000000000e+00
-2.041512665101185009e-01 -1.000000000000000000e+00
-5.073572048153485170e-02 -1.000000000000000000e+00
-1.923409540229087389e-01 -1.000000000000000000e+00
-7.842462634929892040e-02 -1.000000000000000000e+00
-1.989301094914683876e-01 -1.000000000000000000e+00
-2.046278468264595141e-01 -1.000000000000000000e+00
-8.058144827453994630e-02 -1.000000000000000000e+00
-2.031990726754087095e-01 -1.000000000000000000e+00
-1.120607955697362490e-01 -1.000000000000000000e+00
-2.046278468264595141e-01 -1.000000000000000000e+00
-1.157199478508951218e-01 -1.000000000000000000e+00
-2.003502098764605721e-01 -1.000000000000000000e+00
-1.984573828824053310e-01 -1.000000000000000000e+00
-2.027234587211550476e-01 -1.000000000000000000e+00
-2.008242175797011475e-01 -1.000000000000000000e+00
-2.003502098764605721e-01 -1.000000000000000000e+00
-8.087586675706182060e-02 -1.000000000000000000e+00
-1.925443383513599782e-01 -1.000000000000000000e+00
-2.022481664519580891e-01 -1.000000000000000000e+00
-1.256089733789312879e-01 -1.000000000000000000e+00
-2.031990726754087095e-01 -1.000000000000000000e+00
-2.008242175797011475e-01 -1.000000000000000000e+00
-5.256001311693370148e-02 -1.000000000000000000e+00
-1.948911357503098074e-01 -1.000000000000000000e+00
-1.808575581171536495e-01 -1.000000000000000000e+00
-1.902054665939219014e-01 -1.000000000000000000e+00
-2.031990726754087095e-01 -1.000000000000000000e+00
-5.370771438060761849e-02 -1.000000000000000000e+00
-2.008242175797011475e-01 -1.000000000000000000e+00
-1.923409540229087389e-01 -1.000000000000000000e+00
-5.770486351957815341e-02 -1.000000000000000000e+00
-1.189564621925602861e-01 -1.000000000000000000e+00
-2.046278468264595141e-01 -1.000000000000000000e+00
-6.997762424044795537e-02 -1.000000000000000000e+00
-1.860153846658647581e-01 -1.000000000000000000e+00
-2.003502098764605721e-01 -1.000000000000000000e+00
-1.169052084385119317e-01 -1.000000000000000000e+00
-1.861262598258107692e-01 -1.000000000000000000e+00
-2.046278468264595141e-01 -1.000000000000000000e+00
-7.396772415567276493e-02 -1.000000000000000000e+00
-8.283515820656839335e-02 -1.000000000000000000e+00
-2.008242175797011475e-01 -1.000000000000000000e+00
-6.186556350873584353e-02 -1.000000000000000000e+00
-1.998765227718767301e-01 -1.000000000000000000e+00
-1.979849760055213403e-01 -1.000000000000000000e+00
-2.022481664519580891e-01 -1.000000000000000000e+00
-1.797423044637106448e-01 -1.000000000000000000e+00
-2.046278468264595141e-01 -1.000000000000000000e+00
-9.392454643280656601e-02 -1.000000000000000000e+00
-9.619444423392387034e-02 -1.000000000000000000e+00
-1.998765227718767301e-01 -1.000000000000000000e+00
-4.380296915799730684e-02 -1.000000000000000000e+00
-8.166115647190597127e-02 -1.000000000000000000e+00
-1.942172054291956274e-01 -1.000000000000000000e+00
-6.568839202371279384e-02 -1.000000000000000000e+00
-5.124845630922303386e-02 -1.000000000000000000e+00
-2.022481664519580891e-01 -1.000000000000000000e+00
-2.022481664519580891e-01 -1.000000000000000000e+00
-2.338682993105034580e-02 1.000000000000000000e+00
-2.008242175797011475e-01 -1.000000000000000000e+00
-7.918135348561317066e-02 -1.000000000000000000e+00
-8.725112228991915853e-02 -1.000000000000000000e+00
-8.745282524000963509e-02 -1.000000000000000000e+00
-1.900027691382605299e-01 -1.000000000000000000e+00
-2.022481664519580891e-01 -1.000000000000000000e+00
-7.944020904106141590e-02 -1.000000000000000000e+00
-1.836271293136052529e-01 -1.000000000000000000e+00
-1.010531853349189157e-01 -1.000000000000000000e+00
-2.008242175797011475e-01 -1.000000000000000000e+00
-2.017731956502435420e-01 -1.000000000000000000e+00
-2.027234587211550476e-01 -1.000000000000000000e+00
-1.124703158981411599e-01 -1.000000000000000000e+00
-1.895360806026410438e-01 -1.000000000000000000e+00
-1.882681394320884216e-01 -1.000000000000000000e+00
-4.944746375526376525e-02 -1.000000000000000000e+00
-8.828193745202839171e-02 -1.000000000000000000e+00
-1.719118268557467966e-01 -1.000000000000000000e+00
-1.253837004458762117e-01 -1.000000000000000000e+00
-1.147985241831175340e-01 -1.000000000000000000e+00
-2.027234587211550476e-01 -1.000000000000000000e+00
-1.923409540229087389e-01 -1.000000000000000000e+00
-5.990370868952554773e-02 -1.000000000000000000e+00
-1.428458836968837797e-01 -1.000000000000000000e+00
-1.804681507789366313e-01 -1.000000000000000000e+00
-2.027234587211550476e-01 -1.000000000000000000e+00
-2.031990726754087095e-01 -1.000000000000000000e+00
-2.008242175797011475e-01 -1.000000000000000000e+00
-1.165356385830151886e-01 -1.000000000000000000e+00
-2.003502098764605721e-01 -1.000000000000000000e+00
-1.998765227718767301e-01 -1.000000000000000000e+00
-1.975128886445631782e-01 -1.000000000000000000e+00
-1.956277300400404151e-01 -1.000000000000000000e+00
-2.036750085324402493e-01 -1.000000000000000000e+00
-1.757385108368106907e-01 -1.000000000000000000e+00
-2.003502098764605721e-01 -1.000000000000000000e+00
-1.292095971690609968e-01 -1.000000000000000000e+00
-6.752676131972590312e-02 -1.000000000000000000e+00
-2.031990726754087095e-01 -1.000000000000000000e+00
-1.942172054291956274e-01 -1.000000000000000000e+00
-2.003502098764605721e-01 -1.000000000000000000e+00
-9.425166039573851240e-02 -1.000000000000000000e+00
-2.027234587211550476e-01 -1.000000000000000000e+00
-1.998765227718767301e-01 -1.000000000000000000e+00
-2.046278468264595141e-01 -1.000000000000000000e+00
-1.860153846658647581e-01 -1.000000000000000000e+00
-2.031990726754087095e-01 -1.000000000000000000e+00
-2.003502098764605721e-01 -1.000000000000000000e+00
-1.946870622214904589e-01 -1.000000000000000000e+00
-2.008242175797011475e-01 -1.000000000000000000e+00
-2.046278468264595141e-01 -1.000000000000000000e+00
2.685666424032673305e-04 1.000000000000000000e+00
-4.680502881488268763e-02 -1.000000000000000000e+00
-1.989301094914683876e-01 -1.000000000000000000e+00
-2.003502098764605721e-01 -1.000000000000000000e+00
-1.388316444879894584e-01 -1.000000000000000000e+00
-2.008242175797011475e-01 -1.000000000000000000e+00
-1.942172054291956274e-01 -1.000000000000000000e+00
-1.928095409396367588e-01 -1.000000000000000000e+00
-7.969993814488485206e-03 1.000000000000000000e+00
-2.008242175797011475e-01 -1.000000000000000000e+00
-1.979849760055213403e-01 -1.000000000000000000e+00
-2.046278468264595141e-01 -1.000000000000000000e+00
-9.950794540926921616e-02 -1.000000000000000000e+00
-1.033606808932819865e-01 -1.000000000000000000e+00
-8.361439818272098368e-02 -1.000000000000000000e+00
-2.022481664519580891e-01 -1.000000000000000000e+00
-2.031990726754087095e-01 -1.000000000000000000e+00
-4.289635026671778650e-02 -1.000000000000000000e+00
-2.031990726754087095e-01 -1.000000000000000000e+00
-6.724803139175661304e-02 -1.000000000000000000e+00
-2.022481664519580891e-01 -1.000000000000000000e+00
-2.012985460985844410e-01 -1.000000000000000000e+00
-2.027234587211550476e-01 -1.000000000000000000e+00
-2.027234587211550476e-01 -1.000000000000000000e+00
-2.008242175797011475e-01 -1.000000000000000000e+00
-1.942172054291956274e-01 -1.000000000000000000e+00
-2.031990726754087095e-01 -1.000000000000000000e+00
-1.771114900608586895e-01 -1.000000000000000000e+00
-2.046278468264595141e-01 -1.000000000000000000e+00
-1.442451405024646194e-01 -1.000000000000000000e+00
-4.138036220340324256e-02 1.000000000000000000e+00
-7.366436126243314231e-02 -1.000000000000000000e+00
-7.784837837666214178e-02 -1.000000000000000000e+00
-2.031990726754087095e-01 -1.000000000000000000e+00
-1.994031560491101862e-01 -1.000000000000000000e+00
-9.752778840465803345e-02 -1.000000000000000000e+00
-2.027234587211550476e-01 -1.000000000000000000e+00
-1.818507397814324023e-01 -1.000000000000000000e+00
-1.951572370200282958e-01 -1.000000000000000000e+00
-8.386815719722762186e-02 -1.000000000000000000e+00
-1.745092545922908300e-01 -1.000000000000000000e+00
-6.891328187955858553e-02 -1.000000000000000000e+00
-1.897386409623618153e-01 -1.000000000000000000e+00
-1.914047307718947932e-01 -1.000000000000000000e+00
-2.008242175797011475e-01 -1.000000000000000000e+00
-2.027234587211550476e-01 -1.000000000000000000e+00
-6.926589511791392262e-02 -1.000000000000000000e+00
-1.956277300400404151e-01 -1.000000000000000000e+00
-2.027234587211550476e-01 -1.000000000000000000e+00
-1.979849760055213403e-01 -1.000000000000000000e+00
-9.738617294859386320e-02 -1.000000000000000000e+00
-1.349448451682738748e-01 -1.000000000000000000e+00
-2.046278468264595141e-01 -1.000000000000000000e+00
-2.027234587211550476e-01 -1.000000000000000000e+00
-1.951572370200282958e-01 -1.000000000000000000e+00
-5.579574478594617748e-02 -1.000000000000000000e+00
-1.841613002090872753e-01 -1.000000000000000000e+00
-2.046278468264595141e-01 -1.000000000000000000e+00
-1.228615264747019431e-01 -1.000000000000000000e+00
-1.411233075470231801e-01 -1.000000000000000000e+00
-3.284629866384847219e-02 1.000000000000000000e+00
-7.739150843730668861e-02 -1.000000000000000000e+00
-1.989301094914683876e-01 -1.000000000000000000e+00
-1.965696716061422489e-01 -1.000000000000000000e+00
-2.003502098764605721e-01 -1.000000000000000000e+00
-2.027234587211550476e-01 -1.000000000000000000e+00
-1.789464694565707781e-01 -1.000000000000000000e+00
-1.774989765034188371e-01 -1.000000000000000000e+00
-2.031990726754087095e-01 -1.000000000000000000e+00
-1.965696716061422489e-01 -1.000000000000000000e+00
-1.869443102648556954e-01 -1.000000000000000000e+00
-1.916078400723614239e-01 -1.000000000000000000e+00
-2.046278468264595141e-01 -1.000000000000000000e+00
-2.046278468264595141e-01 -1.000000000000000000e+00
-2.003502098764605721e-01 -1.000000000000000000e+00
-7.461538798262268291e-02 -1.000000000000000000e+00
-6.199749929439246632e-02 -1.000000000000000000e+00
-1.063031698647450840e-01 -1.000000000000000000e+00
-9.739962428075277234e-02 -1.000000000000000000e+00
-1.371398512630841449e-01 -1.000000000000000000e+00
-1.984573828824053310e-01 -1.000000000000000000e+00
-1.956277300400404151e-01 -1.000000000000000000e+00
-2.027234587211550476e-01 -1.000000000000000000e+00
-2.008242175797011475e-01 -1.000000000000000000e+00
-1.989301094914683876e-01 -1.000000000000000000e+00
-1.937476664280577410e-01 -1.000000000000000000e+00
-2.041512665101185009e-01 -1.000000000000000000e+00
-1.928095409396367588e-01 -1.000000000000000000e+00
-1.946870622214904589e-01 -1.000000000000000000e+00
-1.439706352514283916e-01 -1.000000000000000000e+00
-6.469643053375029318e-02 -1.000000000000000000e+00
-2.017731956502435420e-01 -1.000000000000000000e+00
-2.031990726754087095e-01 -1.000000000000000000e+00
-2.027234587211550476e-01 -1.000000000000000000e+00
-1.027192886325392074e-01 -1.000000000000000000e+00
-1.605793535627618729e-01 -1.000000000000000000e+00
-2.027234587211550476e-01 -1.000000000000000000e+00
-2.008242175797011475e-01 -1.000000000000000000e+00
-1.101996253635276757e-01 -1.000000000000000000e+00
-2.003502098764605721e-01 -1.000000000000000000e+00
-7.762190622637021864e-02 -1.000000000000000000e+00
-1.388924792301322597e-01 -1.000000000000000000e+00
-1.193033663804607958e-01 -1.000000000000000000e+00
-1.178332333730004455e-01 -1.000000000000000000e+00
-1.552721453973231469e-01 -1.000000000000000000e+00
-1.284113934289387027e-01 -1.000000000000000000e+00
-8.770945942353580715e-02 -1.000000000000000000e+00
-1.994031560491101862e-01 -1.000000000000000000e+00
-1.509190116213742217e-01 -1.000000000000000000e+00
-2.017731956502435420e-01 -1.000000000000000000e+00
-2.008242175797011475e-01 -1.000000000000000000e+00
-2.046278468264595141e-01 -1.000000000000000000e+00
-1.932784450031365120e-01 -1.000000000000000000e+00
-2.003502098764605721e-01 -1.000000000000000000e+00
-1.093054009602646426e-01 -1.000000000000000000e+00
-2.046278468264595141e-01 -1.000000000000000000e+00
-2.012985460985844410e-01 -1.000000000000000000e+00
-1.979849760055213403e-01 -1.000000000000000000e+00
-9.119035718789392231e-02 -1.000000000000000000e+00
-1.918726840384480381e-01 -1.000000000000000000e+00
-2.022481664519580891e-01 -1.000000000000000000e+00
-1.688453731315499029e-01 -1.000000000000000000e+00
-9.182829791690871879e-02 -1.000000000000000000e+00
-2.046278468264595141e-01 -1.000000000000000000e+00
-2.008242175797011475e-01 -1.000000000000000000e+00
-1.868725378658979697e-01 -1.000000000000000000e+00
-2.027234587211550476e-01 -1.000000000000000000e+00
-8.705995687951006978e-02 -1.000000000000000000e+00
-6.357015342354888077e-02 -1.000000000000000000e+00
-1.956277300400404151e-01 -1.000000000000000000e+00
-2.008242175797011475e-01 -1.000000000000000000e+00
-7.052815023059655353e-02 -1.000000000000000000e+00
-1.998765227718767301e-01 -1.000000000000000000e+00
-1.213621274327109090e-01 -1.000000000000000000e+00
-1.864796903407791584e-01 -1.000000000000000000e+00
-8.327555687347965030e-02 -1.000000000000000000e+00
-9.183664523361834142e-02 -1.000000000000000000e+00
-1.869443102648556954e-01 -1.000000000000000000e+00
-7.141846506062710098e-02 -1.000000000000000000e+00
-1.146071721920098874e-01 -1.000000000000000000e+00
-1.341201493964161440e-01 -1.000000000000000000e+00
-1.055034995479416926e-01 -1.000000000000000000e+00
-2.027234587211550476e-01 -1.000000000000000000e+00
-2.031990726754087095e-01 -1.000000000000000000e+00
-8.949969095979926070e-02 -1.000000000000000000e+00
-1.271825457642768997e-01 -1.000000000000000000e+00
-2.017731956502435420e-01 -1.000000000000000000e+00
-1.864796903407791584e-01 -1.000000000000000000e+00
-1.078683031534996006e-01 -1.000000000000000000e+00
-7.879304587627744549e-02 -1.000000000000000000e+00
-1.797947902842872425e-01 -1.000000000000000000e+00
-1.994031560491101862e-01 -1.000000000000000000e+00
-9.597097157186806893e-02 -1.000000000000000000e+00
-1.382117565080239752e-01 -1.000000000000000000e+00
-2.051047496996269981e-01 -1.000000000000000000e+00
-8.131600457286747297e-02 -1.000000000000000000e+00
-1.956277300400404151e-01 -1.000000000000000000e+00
-2.022481664519580891e-01 -1.000000000000000000e+00
-2.008242175797011475e-01 -1.000000000000000000e+00
-2.008242175797011475e-01 -1.000000000000000000e+00
-1.956277300400404151e-01 -1.000000000000000000e+00
-7.113156768343709135e-02 -1.000000000000000000e+00
-1.407758541393747675e-01 -1.000000000000000000e+00
-6.421232115637742766e-02 -1.000000000000000000e+00
-1.123425367566585065e-01 -1.000000000000000000e+00
-5.225559779572797048e-02 -1.000000000000000000e+00
-2.012985460985844410e-01 -1.000000000000000000e+00
-7.001270150966820704e-02 -1.000000000000000000e+00
-1.329761864035076124e-01 -1.000000000000000000e+00
-2.027234587211550476e-01 -1.000000000000000000e+00
-1.439934382885932340e-01 -1.000000000000000000e+00
-5.869727295621884888e-02 -1.000000000000000000e+00
-2.027234587211550476e-01 -1.000000000000000000e+00
-5.364731007757073122e-02 -1.000000000000000000e+00
-1.979849760055213403e-01 -1.000000000000000000e+00
-8.499566563485549953e-02 -1.000000000000000000e+00
-1.317498716956607696e-01 -1.000000000000000000e+00
-9.529699706130012604e-02 -1.000000000000000000e+00
-1.951572370200282958e-01 -1.000000000000000000e+00
-2.027234587211550476e-01 -1.000000000000000000e+00
-1.370740336533754489e-01 -1.000000000000000000e+00
-6.377747302190583945e-02 -1.000000000000000000e+00
-8.400692052771019380e-02 -1.000000000000000000e+00
-8.585151897586829062e-02 -1.000000000000000000e+00
-1.244098258613449692e-01 -1.000000000000000000e+00
-1.767949372216702786e-01 -1.000000000000000000e+00
-2.008242175797011475e-01 -1.000000000000000000e+00
-9.105746847078111106e-02 -1.000000000000000000e+00
-9.958850140540209672e-02 -1.000000000000000000e+00
-4.295532193704332258e-02 -1.000000000000000000e+00
-1.942172054291956274e-01 -1.000000000000000000e+00
-1.422963565242681971e-01 -1.000000000000000000e+00
-7.904527325425048101e-02 -1.000000000000000000e+00
-2.031990726754087095e-01 -1.000000000000000000e+00
-6.133923348979264389e-02 -1.000000000000000000e+00
-1.155613565442348278e-01 -1.000000000000000000e+00
-1.965696716061422489e-01 -1.000000000000000000e+00
-1.942172054291956274e-01 -1.000000000000000000e+00
-9.992536093075798931e-02 -1.000000000000000000e+00
-7.116412701548213704e-02 -1.000000000000000000e+00
-1.409516220688141752e-01 -1.000000000000000000e+00
-2.027234587211550476e-01 -1.000000000000000000e+00
-9.833224308796295610e-02 -1.000000000000000000e+00
-1.864796903407791584e-01 -1.000000000000000000e+00
-1.994031560491101862e-01 -1.000000000000000000e+00
-1.053839204854027933e-01 -1.000000000000000000e+00
-1.932784450031365120e-01 -1.000000000000000000e+00
-1.244573071085738336e-01 -1.000000000000000000e+00
-1.886036502627600475e-01 -1.000000000000000000e+00
-1.432076987851613747e-01 -1.000000000000000000e+00
-1.918726840384480381e-01 -1.000000000000000000e+00
-1.072677799195441706e-01 -1.000000000000000000e+00
-6.734413904919600569e-02 -1.000000000000000000e+00
-1.951572370200282958e-01 -1.000000000000000000e+00
-1.423487366627884665e-01 -1.000000000000000000e+00
-1.534494966630731705e-01 -1.000000000000000000e+00
-1.804681507789366313e-01 -1.000000000000000000e+00
-2.027234587211550476e-01 -1.000000000000000000e+00
-6.134671273183722739e-02 -1.000000000000000000e+00
-9.833878170887599968e-02 -1.000000000000000000e+00
-2.003502098764605721e-01 -1.000000000000000000e+00
-1.769126380046561753e-01 -1.000000000000000000e+00
-1.994031560491101862e-01 -1.000000000000000000e+00
-1.951572370200282958e-01 -1.000000000000000000e+00
-1.984573828824053310e-01 -1.000000000000000000e+00
-8.919958680493689229e-02 -1.000000000000000000e+00
-7.420522878465052319e-02 -1.000000000000000000e+00
-1.989301094914683876e-01 -1.000000000000000000e+00
-2.008242175797011475e-01 -1.000000000000000000e+00
-8.225033503215772868e-02 -1.000000000000000000e+00
-1.683970567354449166e-01 -1.000000000000000000e+00
-1.152134991092925720e-01 -1.000000000000000000e+00
-1.151313632811429288e-01 -1.000000000000000000e+00
-1.413628869687805212e-01 -1.000000000000000000e+00
-1.761252115729649015e-01 -1.000000000000000000e+00
-1.467246593357496298e-02 1.000000000000000000e+00
-1.558825302827476778e-01 -1.000000000000000000e+00
-8.258953221704790071e-02 -1.000000000000000000e+00
-5.795946331625689840e-02 -1.000000000000000000e+00
-1.396822937174959645e-01 -1.000000000000000000e+00
-8.245220887968718326e-02 -1.000000000000000000e+00
-1.853365348795420475e-01 -1.000000000000000000e+00
-2.046278468264595141e-01 -1.000000000000000000e+00
-1.172961646650084733e-01 -1.000000000000000000e+00
-7.776672934965522810e-02 -1.000000000000000000e+00
-8.999593621858215098e-02 -1.000000000000000000e+00
-1.275004946205848810e-01 -1.000000000000000000e+00
-2.041512665101185009e-01 -1.000000000000000000e+00
-9.657846612418086174e-02 -1.000000000000000000e+00
-1.463444734138061865e-01 -1.000000000000000000e+00
-9.280416070667840689e-02 -1.000000000000000000e+00
-2.027234587211550476e-01 -1.000000000000000000e+00
-1.975128886445631782e-01 -1.000000000000000000e+00
-9.163920955460336248e-02 -1.000000000000000000e+00
-8.560187921942052913e-02 -1.000000000000000000e+00
-8.240061764133344013e-02 -1.000000000000000000e+00
-1.960985414969040885e-01 -1.000000000000000000e+00
-2.046278468264595141e-01 -1.000000000000000000e+00
-1.399512391153772128e-01 -1.000000000000000000e+00
-9.837666253613874812e-02 -1.000000000000000000e+00
-1.103316612803236785e-01 -1.000000000000000000e+00
-1.099831580308201495e-01 -1.000000000000000000e+00
-1.145768632190848901e-01 -1.000000000000000000e+00
-5.390192931390846987e-02 -1.000000000000000000e+00
-2.017731956502435420e-01 -1.000000000000000000e+00
-1.091411997533904277e-01 -1.000000000000000000e+00
-2.027234587211550476e-01 -1.000000000000000000e+00
-6.026613460151575286e-02 -1.000000000000000000e+00
-1.147047606993321089e-01 -1.000000000000000000e+00
-1.330298158205054371e-01 -1.000000000000000000e+00
-2.022481664519580891e-01 -1.000000000000000000e+00
-1.138969270451576365e-01 -1.000000000000000000e+00
-1.923409540229087389e-01 -1.000000000000000000e+00
-1.206090561348007739e-01 -1.000000000000000000e+00
-7.703666617977689146e-02 -1.000000000000000000e+00
-1.909370940090349134e-01 -1.000000000000000000e+00
-1.994031560491101862e-01 -1.000000000000000000e+00
-1.956277300400404151e-01 -1.000000000000000000e+00
-2.008242175797011475e-01 -1.000000000000000000e+00
-1.412615735685498475e-01 -1.000000000000000000e+00
-1.222902839947223042e-01 -1.000000000000000000e+00
-4.958132988931462926e-02 -1.000000000000000000e+00
-1.379501939288052537e-01 -1.000000000000000000e+00
-1.989301094914683876e-01 -1.000000000000000000e+00
-1.290541058738982061e-01 -1.000000000000000000e+00
-2.046278468264595141e-01 -1.000000000000000000e+00
-1.816370414523658106e-01 -1.000000000000000000e+00
-1.148742514201622766e-01 -1.000000000000000000e+00
-2.008242175797011475e-01 -1.000000000000000000e+00
-8.637422453483867280e-02 -1.000000000000000000e+00
-2.003502098764605721e-01 -1.000000000000000000e+00
-1.402120392359378354e-01 -1.000000000000000000e+00
-1.942172054291956274e-01 -1.000000000000000000e+00
-1.602041354520633565e-01 -1.000000000000000000e+00
-1.533165237283408144e-01 -1.000000000000000000e+00
-1.998765227718767301e-01 -1.000000000000000000e+00
-1.642716508065263925e-01 -1.000000000000000000e+00
-2.008242175797011475e-01 -1.000000000000000000e+00
-1.290439998213516182e-01 -1.000000000000000000e+00
-2.031990726754087095e-01 -1.000000000000000000e+00
-2.022481664519580891e-01 -1.000000000000000000e+00
-1.793350059915435057e-01 -1.000000000000000000e+00
-1.094746931289295455e-01 -1.000000000000000000e+00
-1.888059367087140394e-01 -1.000000000000000000e+00
-1.956277300400404151e-01 -1.000000000000000000e+00
-1.846243510113644293e-01 -1.000000000000000000e+00
-1.106550235634430335e-01 -1.000000000000000000e+00
-1.800079110537841087e-01 -1.000000000000000000e+00
-2.022481664519580891e-01 -1.000000000000000000e+00
-1.068074493371605760e-01 -1.000000000000000000e+00
-1.335276732710122261e-01 -1.000000000000000000e+00
-6.953322065844536048e-02 -1.000000000000000000e+00
-1.086175941182793148e-01 -1.000000000000000000e+00
-6.405337661394516768e-02 -1.000000000000000000e+00
-2.046278468264595141e-01 -1.000000000000000000e+00
-1.914047307718947932e-01 -1.000000000000000000e+00
-1.989301094914683876e-01 -1.000000000000000000e+00
-5.800939099239910135e-02 -1.000000000000000000e+00
-6.928427904203482424e-02 -1.000000000000000000e+00
-1.785581551398521816e-01 -1.000000000000000000e+00
-1.946870622214904589e-01 -1.000000000000000000e+00
-8.216297726396282197e-02 -1.000000000000000000e+00
-1.869443102648556954e-01 -1.000000000000000000e+00
-2.027234587211550476e-01 -1.000000000000000000e+00
-9.796651915401211053e-02 -1.000000000000000000e+00
-1.989301094914683876e-01 -1.000000000000000000e+00
-1.855513930275675127e-01 -1.000000000000000000e+00
-1.228658146008921870e-01 -1.000000000000000000e+00
-9.026450795783125258e-02 -1.000000000000000000e+00
-2.046278468264595141e-01 -1.000000000000000000e+00
-1.901333534671794112e-01 -1.000000000000000000e+00
-6.861568735882617176e-02 -1.000000000000000000e+00
-1.283219888469471215e-01 -1.000000000000000000e+00
-1.895360806026410438e-01 -1.000000000000000000e+00
-1.989301094914683876e-01 -1.000000000000000000e+00
-1.114354970715716320e-01 -1.000000000000000000e+00
-7.638264621012769151e-02 -1.000000000000000000e+00
-1.348587746528276954e-01 -1.000000000000000000e+00
-2.003502098764605721e-01 -1.000000000000000000e+00
-2.008242175797011475e-01 -1.000000000000000000e+00
-2.031990726754087095e-01 -1.000000000000000000e+00
-1.378020949840116360e-01 -1.000000000000000000e+00
-2.041512665101185009e-01 -1.000000000000000000e+00
-1.515481306052689492e-01 -1.000000000000000000e+00
-8.219677814092873902e-02 -1.000000000000000000e+00
-1.298857272807589780e-01 -1.000000000000000000e+00
-2.022481664519580891e-01 -1.000000000000000000e+00
-1.989301094914683876e-01 -1.000000000000000000e+00
-2.041512665101185009e-01 -1.000000000000000000e+00
-2.008242175797011475e-01 -1.000000000000000000e+00
-2.031990726754087095e-01 -1.000000000000000000e+00
-1.332621771909369146e-01 -1.000000000000000000e+00
-1.965696716061422489e-01 -1.000000000000000000e+00
-9.382140052841747568e-02 -1.000000000000000000e+00
-1.202533064841602162e-01 -1.000000000000000000e+00
-2.027234587211550476e-01 -1.000000000000000000e+00
-1.989301094914683876e-01 -1.000000000000000000e+00
-2.027234587211550476e-01 -1.000000000000000000e+00
-2.003502098764605721e-01 -1.000000000000000000e+00
-2.027234587211550476e-01 -1.000000000000000000e+00
-1.626354830541458796e-01 -1.000000000000000000e+00
-1.994031560491101862e-01 -1.000000000000000000e+00
-5.927579900821455805e-02 -1.000000000000000000e+00
-1.267783058149897224e-01 -1.000000000000000000e+00
-9.295019979284913081e-02 -1.000000000000000000e+00
-2.012985460985844410e-01 -1.000000000000000000e+00
-1.895360806026410438e-01 -1.000000000000000000e+00
-5.584974362404071524e-02 -1.000000000000000000e+00
-6.898681595761568808e-02 -1.000000000000000000e+00
-1.994031560491101862e-01 -1.000000000000000000e+00
-2.008242175797011475e-01 -1.000000000000000000e+00
-7.397697529318358889e-02 -1.000000000000000000e+00
-1.984573828824053310e-01 -1.000000000000000000e+00
-2.027234587211550476e-01 -1.000000000000000000e+00
-1.897386409623618153e-01 -1.000000000000000000e+00
-4.963493243758121398e-02 -1.000000000000000000e+00
-1.102671888342157125e-01 -1.000000000000000000e+00
-1.518974391670601110e-01 -1.000000000000000000e+00
-1.979849760055213403e-01 -1.000000000000000000e+00
-2.022481664519580891e-01 -1.000000000000000000e+00
-1.923409540229087389e-01 -1.000000000000000000e+00
-1.420708074543830524e-02 1.000000000000000000e+00
-8.542292584521771204e-02 -1.000000000000000000e+00
-1.309373247221463643e-01 -1.000000000000000000e+00
-6.670854579517870864e-02 -1.000000000000000000e+00
-2.027234587211550476e-01 -1.000000000000000000e+00
-6.808988063075849251e-02 -1.000000000000000000e+00
-1.498037172212769441e-01 -1.000000000000000000e+00
-9.270836144445060434e-02 -1.000000000000000000e+00
-2.027234587211550476e-01 -1.000000000000000000e+00
-1.942172054291956274e-01 -1.000000000000000000e+00
-1.888059367087140394e-01 -1.000000000000000000e+00
-1.341533679065015638e-01 -1.000000000000000000e+00
-1.975128886445631782e-01 -1.000000000000000000e+00
-1.451508879694578535e-01 -1.000000000000000000e+00
-5.382325529692499888e-02 -1.000000000000000000e+00
-1.129355820377662134e-01 -1.000000000000000000e+00
-1.574068230507826849e-01 -1.000000000000000000e+00
-1.051517909625171443e-01 -1.000000000000000000e+00
-2.012985460985844410e-01 -1.000000000000000000e+00
-8.831789816028434714e-02 -1.000000000000000000e+00
-1.489482684242727784e-01 -1.000000000000000000e+00
-1.979849760055213403e-01 -1.000000000000000000e+00
-1.505285296242795390e-01 -1.000000000000000000e+00
-1.906726081801891626e-01 -1.000000000000000000e+00
-2.022481664519580891e-01 -1.000000000000000000e+00
-2.022481664519580891e-01 -1.000000000000000000e+00
-1.811760111392605177e-01 -1.000000000000000000e+00
-2.031990726754087095e-01 -1.000000000000000000e+00
-9.898806093094492109e-02 -1.000000000000000000e+00
-1.032321209810115326e-01 -1.000000000000000000e+00
-1.275147651515152747e-01 -1.000000000000000000e+00
-7.773270411706856287e-02 -1.000000000000000000e+00
-2.046278468264595141e-01 -1.000000000000000000e+00
-2.041512665101185009e-01 -1.000000000000000000e+00
-1.045281578900409958e-01 -1.000000000000000000e+00
-2.046278468264595141e-01 -1.000000000000000000e+00
-2.027234587211550476e-01 -1.000000000000000000e+00
-6.020193537377582782e-02 -1.000000000000000000e+00
-1.937476664280577410e-01 -1.000000000000000000e+00
-1.998765227718767301e-01 -1.000000000000000000e+00
-7.164459491459684859e-02 -1.000000000000000000e+00
-1.422135947559208802e-01 -1.000000000000000000e+00
-2.031990726754087095e-01 -1.000000000000000000e+00
-1.424817379756430080e-01 -1.000000000000000000e+00
-2.008242175797011475e-01 -1.000000000000000000e+00
-1.205183692642344262e-01 -1.000000000000000000e+00
-1.359269441799169087e-01 -1.000000000000000000e+00
-2.027234587211550476e-01 -1.000000000000000000e+00
-1.914047307718947932e-01 -1.000000000000000000e+00
-2.022481664519580891e-01 -1.000000000000000000e+00
-9.480550024772116391e-02 -1.000000000000000000e+00
-1.551512730198298939e-01 -1.000000000000000000e+00
-2.027234587211550476e-01 -1.000000000000000000e+00
-1.357814887317734254e-01 -1.000000000000000000e+00
-1.093356457324728970e-01 -1.000000000000000000e+00
-2.046278468264595141e-01 -1.000000000000000000e+00
-2.031990726754087095e-01 -1.000000000000000000e+00
-1.804681507789366313e-01 -1.000000000000000000e+00
-5.204190354725379830e-02 -1.000000000000000000e+00
-9.725398571095478228e-02 -1.000000000000000000e+00
-8.760962304859343242e-02 -1.000000000000000000e+00
-6.100783947400145735e-02 -1.000000000000000000e+00
-2.046278468264595141e-01 -1.000000000000000000e+00
-1.212051217930408820e-01 -1.000000000000000000e+00
-6.173380217438673156e-02 -1.000000000000000000e+00
-1.188166106935181210e-01 -1.000000000000000000e+00
-1.241983489642111138e-01 -1.000000000000000000e+00
-2.027234587211550476e-01 -1.000000000000000000e+00
-2.031990726754087095e-01 -1.000000000000000000e+00
-1.215559983310273706e-01 -1.000000000000000000e+00
-1.039117543140619659e-01 -1.000000000000000000e+00
-1.823122267611730907e-01 -1.000000000000000000e+00
-8.470646844591500635e-02 -1.000000000000000000e+00
-6.639647553442507011e-02 -1.000000000000000000e+00
-7.828694928029500399e-02 -1.000000000000000000e+00
-1.979849760055213403e-01 -1.000000000000000000e+00
-2.031990726754087095e-01 -1.000000000000000000e+00
-2.008242175797011475e-01 -1.000000000000000000e+00
-1.410406793987997176e-01 -1.000000000000000000e+00
-6.783026509243184066e-02 -1.000000000000000000e+00
-1.203421746123777281e-01 -1.000000000000000000e+00
-5.398214700886316830e-02 -1.000000000000000000e+00
-2.022481664519580891e-01 -1.000000000000000000e+00
-1.998765227718767301e-01 -1.000000000000000000e+00
-1.920759308063868520e-01 -1.000000000000000000e+00
-1.077240020941979681e-01 -1.000000000000000000e+00
-1.246761434045934314e-01 -1.000000000000000000e+00
-1.296314439402939112e-01 -1.000000000000000000e+00
-1.217359482378261859e-01 -1.000000000000000000e+00
-1.116070336103869298e-01 -1.000000000000000000e+00
-2.776224800912419077e-02 1.000000000000000000e+00
-1.994031560491101862e-01 -1.000000000000000000e+00
-2.022481664519580891e-01 -1.000000000000000000e+00
-8.413889103932203906e-02 -1.000000000000000000e+00
-1.979849760055213403e-01 -1.000000000000000000e+00
-2.017731956502435420e-01 -1.000000000000000000e+00
-1.313859504448914306e-01 -1.000000000000000000e+00
-1.127947122017846082e-01 -1.000000000000000000e+00
-1.095040582087329906e-01 -1.000000000000000000e+00
-1.739898595236771817e-01 -1.000000000000000000e+00
-1.363568678234446940e-01 -1.000000000000000000e+00
-2.046278468264595141e-01 -1.000000000000000000e+00
-2.022481664519580891e-01 -1.000000000000000000e+00
-1.330542484367788214e-01 -1.000000000000000000e+00
-1.888059367087140394e-01 -1.000000000000000000e+00
-1.054724510813846994e-01 -1.000000000000000000e+00
-1.367792533700361579e-01 -1.000000000000000000e+00
-1.956277300400404151e-01 -1.000000000000000000e+00
-9.287665182635873595e-02 -1.000000000000000000e+00
-2.027234587211550476e-01 -1.000000000000000000e+00
-8.478686041061989087e-02 -1.000000000000000000e+00
-1.333431629202411761e-01 -1.000000000000000000e+00
-1.471938728654250683e-01 -1.000000000000000000e+00
-1.226327204321220332e-01 -1.000000000000000000e+00
-1.989301094914683876e-01 -1.000000000000000000e+00
-1.054788107462184543e-01 -1.000000000000000000e+00
-2.008242175797011475e-01 -1.000000000000000000e+00
-1.006877460156156978e-01 -1.000000000000000000e+00
-1.613142174592897549e-01 -1.000000000000000000e+00
-1.663373028279482302e-01 -1.000000000000000000e+00
-6.437362871390661656e-02 -1.000000000000000000e+00
-1.139718002918077566e-01 -1.000000000000000000e+00
-9.796906905967406320e-02 -1.000000000000000000e+00
-1.951572370200282958e-01 -1.000000000000000000e+00
-7.490743969097879429e-02 -1.000000000000000000e+00
-9.487136960536179942e-02 -1.000000000000000000e+00
-1.798658231181943234e-01 -1.000000000000000000e+00
-1.131285391668995777e-01 -1.000000000000000000e+00
-1.353087034810416256e-01 -1.000000000000000000e+00
-8.730079133932655555e-02 -1.000000000000000000e+00
-1.937476664280577410e-01 -1.000000000000000000e+00
-9.466186506406770729e-02 -1.000000000000000000e+00
-1.416275933686966804e-01 -1.000000000000000000e+00
-1.951572370200282958e-01 -1.000000000000000000e+00
-1.817794995621105913e-01 -1.000000000000000000e+00
-2.008242175797011475e-01 -1.000000000000000000e+00
-1.467107933743756476e-01 -1.000000000000000000e+00
-8.242196842625337805e-02 -1.000000000000000000e+00
-2.027234587211550476e-01 -1.000000000000000000e+00
-2.046278468264595141e-01 -1.000000000000000000e+00
-1.188990699884355795e-01 -1.000000000000000000e+00
-2.041512665101185009e-01 -1.000000000000000000e+00
-1.079154531948643969e-01 -1.000000000000000000e+00
-2.041512665101185009e-01 -1.000000000000000000e+00
-5.079326772890835340e-02 -1.000000000000000000e+00
-8.737221373430192894e-02 -1.000000000000000000e+00
-1.923409540229087389e-01 -1.000000000000000000e+00
-1.478520979638183741e-01 -1.000000000000000000e+00
-9.829086354925453684e-02 -1.000000000000000000e+00
-7.875563786519146348e-02 -1.000000000000000000e+00
-1.989301094914683876e-01 -1.000000000000000000e+00
-1.089948933668591913e-01 -1.000000000000000000e+00
-2.046278468264595141e-01 -1.000000000000000000e+00
-8.058144827453994630e-02 -1.000000000000000000e+00
-7.633073847341798057e-02 -1.000000000000000000e+00
-2.031990726754087095e-01 -1.000000000000000000e+00
-1.241216374394890076e-01 -1.000000000000000000e+00
-1.120607955697362490e-01 -1.000000000000000000e+00
-2.046278468264595141e-01 -1.000000000000000000e+00
-1.117580444186290212e-01 -1.000000000000000000e+00
-2.003502098764605721e-01 -1.000000000000000000e+00
-1.984573828824053310e-01 -1.000000000000000000e+00
-2.027234587211550476e-01 -1.000000000000000000e+00
-2.008242175797011475e-01 -1.000000000000000000e+00
-2.003502098764605721e-01 -1.000000000000000000e+00
-8.284425765671665776e-02 -1.000000000000000000e+00
-1.084128143675973099e-01 -1.000000000000000000e+00
-1.925443383513599782e-01 -1.000000000000000000e+00
-2.022481664519580891e-01 -1.000000000000000000e+00
-1.247629889495586175e-01 -1.000000000000000000e+00
-2.008242175797011475e-01 -1.000000000000000000e+00
-2.008242175797011475e-01 -1.000000000000000000e+00
-5.111749070615534407e-02 -1.000000000000000000e+00
-1.948911357503098074e-01 -1.000000000000000000e+00
-8.981376903948123935e-02 -1.000000000000000000e+00
-1.808575581171536495e-01 -1.000000000000000000e+00
-1.902054665939219014e-01 -1.000000000000000000e+00
-1.090712770556718780e-01 -1.000000000000000000e+00
-1.452080962700493805e-01 -1.000000000000000000e+00
-2.031990726754087095e-01 -1.000000000000000000e+00
-1.426809630777913229e-01 -1.000000000000000000e+00
-5.468976057495589238e-02 -1.000000000000000000e+00
-2.008242175797011475e-01 -1.000000000000000000e+00
-1.923409540229087389e-01 -1.000000000000000000e+00
-5.821187119039439306e-02 -1.000000000000000000e+00
-7.965386927998685529e-02 -1.000000000000000000e+00
-9.907396021571601707e-02 -1.000000000000000000e+00
-5.765656453631928802e-02 -1.000000000000000000e+00
-1.177014039404779000e-01 -1.000000000000000000e+00
-2.046278468264595141e-01 -1.000000000000000000e+00
-6.538602750466482316e-02 -1.000000000000000000e+00
-8.654577329269030894e-02 -1.000000000000000000e+00
-1.860153846658647581e-01 -1.000000000000000000e+00
-2.003502098764605721e-01 -1.000000000000000000e+00
-1.149438301572102139e-01 -1.000000000000000000e+00
-1.861262598258107692e-01 -1.000000000000000000e+00
-1.498755817123026413e-01 -1.000000000000000000e+00
-2.046278468264595141e-01 -1.000000000000000000e+00
-7.363026648998050039e-02 -1.000000000000000000e+00
-8.151535154620115353e-02 -1.000000000000000000e+00
-2.008242175797011475e-01 -1.000000000000000000e+00
-6.142465915769124152e-02 -1.000000000000000000e+00
-1.002005344341809767e-01 -1.000000000000000000e+00
-2.012985460985844410e-01 -1.000000000000000000e+00
-6.425333968336810475e-02 -1.000000000000000000e+00
-1.979849760055213403e-01 -1.000000000000000000e+00
-2.022481664519580891e-01 -1.000000000000000000e+00
-1.797423044637106448e-01 -1.000000000000000000e+00
-1.400418372153086066e-01 -1.000000000000000000e+00
-1.437823881313688990e-01 -1.000000000000000000e+00
-2.046278468264595141e-01 -1.000000000000000000e+00
-1.384245357544986454e-01 -1.000000000000000000e+00
-8.045193270174544331e-02 -1.000000000000000000e+00
-9.178778315680513611e-02 -1.000000000000000000e+00
-9.238208605151354558e-02 -1.000000000000000000e+00
-1.998765227718767301e-01 -1.000000000000000000e+00
-8.863933512684396554e-02 -1.000000000000000000e+00
-1.519001549488089298e-01 -1.000000000000000000e+00
-4.498434527141426109e-02 -1.000000000000000000e+00
-8.218363173814724476e-02 -1.000000000000000000e+00
-1.942172054291956274e-01 -1.000000000000000000e+00
-1.464617186404244542e-01 -1.000000000000000000e+00
-7.518560393093554062e-02 -1.000000000000000000e+00
-1.190167137205234704e-01 -1.000000000000000000e+00
-6.536485414362014357e-02 -1.000000000000000000e+00
-4.985398673521090895e-02 -1.000000000000000000e+00
-1.100217895342450181e-01 -1.000000000000000000e+00
-5.927712864302459028e-02 -1.000000000000000000e+00
-2.022481664519580891e-01 -1.000000000000000000e+00
-2.022481664519580891e-01 -1.000000000000000000e+00
-2.338682993105034580e-02 1.000000000000000000e+00
-2.008242175797011475e-01 -1.000000000000000000e+00
-8.414686691905925997e-02 -1.000000000000000000e+00
-8.644660107405166549e-02 -1.000000000000000000e+00
-8.293749354242740957e-02 -1.000000000000000000e+00
-1.900027691382605299e-01 -1.000000000000000000e+00
-2.022481664519580891e-01 -1.000000000000000000e+00
-7.904830032021081809e-02 -1.000000000000000000e+00
-1.051720698859989200e-01 -1.000000000000000000e+00
-1.836271293136052529e-01 -1.000000000000000000e+00
-1.039872501650961345e-01 -1.000000000000000000e+00
-1.007094210361493269e-01 -1.000000000000000000e+00
-1.062463743369831404e-01 -1.000000000000000000e+00
-9.189207760130901903e-02 -1.000000000000000000e+00
-2.008242175797011475e-01 -1.000000000000000000e+00
-1.509005201520734474e-01 -1.000000000000000000e+00
-1.278840933145947156e-01 -1.000000000000000000e+00
-2.017731956502435420e-01 -1.000000000000000000e+00
-2.027234587211550476e-01 -1.000000000000000000e+00
-7.386346194218795791e-02 -1.000000000000000000e+00
-7.269113097710044880e-02 -1.000000000000000000e+00
-1.414772675382766076e-01 -1.000000000000000000e+00
-1.158279028354888274e-01 -1.000000000000000000e+00
-1.156004320832312304e-01 -1.000000000000000000e+00
-8.499475194263239608e-02 -1.000000000000000000e+00
-1.895360806026410438e-01 -1.000000000000000000e+00
-1.882681394320884216e-01 -1.000000000000000000e+00
-5.397814595710737073e-02 -1.000000000000000000e+00
-8.907852330613330594e-02 -1.000000000000000000e+00
-1.039729311223021035e-01 -1.000000000000000000e+00
-9.954054082206753584e-02 -1.000000000000000000e+00
-1.376416585889862487e-01 -1.000000000000000000e+00
-9.847294939092277044e-02 -1.000000000000000000e+00
-1.292095297865536452e-01 -1.000000000000000000e+00
-1.751016189160089498e-01 -1.000000000000000000e+00
-1.432975909151540383e-01 -1.000000000000000000e+00
-1.253837004458762117e-01 -1.000000000000000000e+00
-1.135518969835067615e-01 -1.000000000000000000e+00
-2.027234587211550476e-01 -1.000000000000000000e+00
-1.923409540229087389e-01 -1.000000000000000000e+00
-6.266485766914220434e-02 -1.000000000000000000e+00
-1.428458836968837797e-01 -1.000000000000000000e+00
-6.040868377118158161e-02 -1.000000000000000000e+00
-9.255962033850795301e-02 -1.000000000000000000e+00
-1.261367909369788265e-01 -1.000000000000000000e+00
-1.133840562131716023e-01 -1.000000000000000000e+00
-1.804681507789366313e-01 -1.000000000000000000e+00
-2.027234587211550476e-01 -1.000000000000000000e+00
-2.031990726754087095e-01 -1.000000000000000000e+00
-2.008242175797011475e-01 -1.000000000000000000e+00
-1.287768054079830859e-01 -1.000000000000000000e+00
-1.169529193061298322e-01 -1.000000000000000000e+00
-2.003502098764605721e-01 -1.000000000000000000e+00
-1.291410184926026217e-01 -1.000000000000000000e+00
-1.998765227718767301e-01 -1.000000000000000000e+00
-1.975128886445631782e-01 -1.000000000000000000e+00
-1.956277300400404151e-01 -1.000000000000000000e+00
-8.255049152468030282e-02 -1.000000000000000000e+00
-2.036750085324402493e-01 -1.000000000000000000e+00
-1.757385108368106907e-01 -1.000000000000000000e+00
-1.212191685951234943e-01 -1.000000000000000000e+00
-2.003502098764605721e-01 -1.000000000000000000e+00
-1.238220777654949201e-01 -1.000000000000000000e+00
-1.205946043460486283e-01 -1.000000000000000000e+00
-1.313417746546872156e-01 -1.000000000000000000e+00
-6.926712007439539409e-02 -1.000000000000000000e+00
-1.022841193621958356e-01 -1.000000000000000000e+00
-2.031990726754087095e-01 -1.000000000000000000e+00
-1.942172054291956274e-01 -1.000000000000000000e+00
-2.003502098764605721e-01 -1.000000000000000000e+00
-1.278955168497608597e-01 -1.000000000000000000e+00
-1.453693458487932411e-01 -1.000000000000000000e+00
-1.192081102810704785e-01 -1.000000000000000000e+00
-1.292294771059445679e-01 -1.000000000000000000e+00
-9.840936631148078373e-02 -1.000000000000000000e+00
-2.027234587211550476e-01 -1.000000000000000000e+00
-9.274917550250383336e-02 -1.000000000000000000e+00
-1.388807857053431238e-01 -1.000000000000000000e+00
-8.338973700989771309e-02 -1.000000000000000000e+00
-1.110632051259393682e-01 -1.000000000000000000e+00
-1.998765227718767301e-01 -1.000000000000000000e+00
-1.025205681266176949e-01 -1.000000000000000000e+00
-2.046278468264595141e-01 -1.000000000000000000e+00
-1.860153846658647581e-01 -1.000000000000000000e+00
-1.081529727097088056e-01 -1.000000000000000000e+00
-1.204272538888077060e-01 -1.000000000000000000e+00
-2.031990726754087095e-01 -1.000000000000000000e+00
-2.003502098764605721e-01 -1.000000000000000000e+00
-1.946870622214904589e-01 -1.000000000000000000e+00
-9.509819814504061330e-02 -1.000000000000000000e+00
-2.008242175797011475e-01 -1.000000000000000000e+00
-1.036003368435128857e-01 -1.000000000000000000e+00
-2.046278468264595141e-01 -1.000000000000000000e+00
-9.861229478130806303e-02 -1.000000000000000000e+00
2.685666424032673305e-04 1.000000000000000000e+00
-8.778043465833818004e-02 -1.000000000000000000e+00
-1.331996385318422460e-01 -1.000000000000000000e+00
-4.794357706175900180e-02 -1.000000000000000000e+00
-1.989301094914683876e-01 -1.000000000000000000e+00
-9.119035718789392231e-02 -1.000000000000000000e+00
-2.003502098764605721e-01 -1.000000000000000000e+00
-1.388316444879894584e-01 -1.000000000000000000e+00
-2.008242175797011475e-01 -1.000000000000000000e+00
-1.942172054291956274e-01 -1.000000000000000000e+00
-1.928095409396367588e-01 -1.000000000000000000e+00
-7.969993814488485206e-03 1.000000000000000000e+00
-1.197398557251047047e-01 -1.000000000000000000e+00
-2.008242175797011475e-01 -1.000000000000000000e+00
-1.979849760055213403e-01 -1.000000000000000000e+00
-2.046278468264595141e-01 -1.000000000000000000e+00
-8.382432619708624078e-02 -1.000000000000000000e+00
-1.260370314067220665e-01 -1.000000000000000000e+00
-9.916259720879572193e-02 -1.000000000000000000e+00
-1.033606808932819865e-01 -1.000000000000000000e+00
-8.507546204516347466e-02 -1.000000000000000000e+00
-2.022481664519580891e-01 -1.000000000000000000e+00
-2.031990726754087095e-01 -1.000000000000000000e+00
-4.289635026671778650e-02 -1.000000000000000000e+00
-2.031990726754087095e-01 -1.000000000000000000e+00
-6.815520566037325256e-02 -1.000000000000000000e+00
-2.022481664519580891e-01 -1.000000000000000000e+00
-8.901752169565679829e-02 -1.000000000000000000e+00
-2.012985460985844410e-01 -1.000000000000000000e+00
-2.027234587211550476e-01 -1.000000000000000000e+00
-2.027234587211550476e-01 -1.000000000000000000e+00
-1.026545718292165565e-01 -1.000000000000000000e+00
-1.565534776157854191e-01 -1.000000000000000000e+00
-2.008242175797011475e-01 -1.000000000000000000e+00
-9.519348059430510212e-02 -1.000000000000000000e+00
-1.942172054291956274e-01 -1.000000000000000000e+00
-2.031990726754087095e-01 -1.000000000000000000e+00
-1.771114900608586895e-01 -1.000000000000000000e+00
-2.046278468264595141e-01 -1.000000000000000000e+00
-1.432836840284728019e-01 -1.000000000000000000e+00
-4.496388635865922190e-02 -1.000000000000000000e+00
-1.611262402907263080e-01 -1.000000000000000000e+00
-1.239962271072780897e-01 -1.000000000000000000e+00
-7.744134439457428520e-02 -1.000000000000000000e+00
-7.491060928230586224e-02 -1.000000000000000000e+00
-7.717843696136894582e-02 -1.000000000000000000e+00
-1.511101327705381969e-01 -1.000000000000000000e+00
-1.254023009585301107e-01 -1.000000000000000000e+00
-1.301305385786460933e-01 -1.000000000000000000e+00
-1.253682165053354725e-01 -1.000000000000000000e+00
-2.031990726754087095e-01 -1.000000000000000000e+00
-1.994031560491101862e-01 -1.000000000000000000e+00
-9.781673819311931251e-02 -1.000000000000000000e+00
-2.027234587211550476e-01 -1.000000000000000000e+00
-1.818507397814324023e-01 -1.000000000000000000e+00
-1.951572370200282958e-01 -1.000000000000000000e+00
-8.298877871812471163e-02 -1.000000000000000000e+00
-1.162911158846366977e-01 -1.000000000000000000e+00
-1.745092545922908300e-01 -1.000000000000000000e+00
-6.826763956497161612e-02 -1.000000000000000000e+00
-1.897386409623618153e-01 -1.000000000000000000e+00
-8.008323440461817544e-02 -1.000000000000000000e+00
-8.899505298673193732e-02 -1.000000000000000000e+00
-1.895360806026410438e-01 -1.000000000000000000e+00
-2.008242175797011475e-01 -1.000000000000000000e+00
-2.027234587211550476e-01 -1.000000000000000000e+00
-6.648683571192293140e-02 -1.000000000000000000e+00
-1.956277300400404151e-01 -1.000000000000000000e+00
-2.027234587211550476e-01 -1.000000000000000000e+00
-1.979849760055213403e-01 -1.000000000000000000e+00
-9.738617294859386320e-02 -1.000000000000000000e+00
-1.409568644391744341e-01 -1.000000000000000000e+00
-2.046278468264595141e-01 -1.000000000000000000e+00
-2.027234587211550476e-01 -1.000000000000000000e+00
-5.799190431430023551e-02 -1.000000000000000000e+00
-1.951572370200282958e-01 -1.000000000000000000e+00
-1.067502415488008616e-01 -1.000000000000000000e+00
-7.177375082551529228e-02 -1.000000000000000000e+00
-1.406108362205714668e-01 -1.000000000000000000e+00
-5.466875754439637358e-02 -1.000000000000000000e+00
-9.925272252544803386e-02 -1.000000000000000000e+00
-1.841613002090872753e-01 -1.000000000000000000e+00
-2.046278468264595141e-01 -1.000000000000000000e+00
-1.347818098256496899e-01 -1.000000000000000000e+00
-7.979786189476090197e-02 -1.000000000000000000e+00
-1.249721925061599848e-01 -1.000000000000000000e+00
-1.411233075470231801e-01 -1.000000000000000000e+00
-1.309387622352499170e-01 -1.000000000000000000e+00
-7.788836508514207502e-02 -1.000000000000000000e+00
-1.276000532913473817e-01 -1.000000000000000000e+00
-1.016551844979393104e-01 -1.000000000000000000e+00
-3.284629866384847219e-02 1.000000000000000000e+00
-8.573645585066291819e-02 -1.000000000000000000e+00
-7.792137690187295185e-02 -1.000000000000000000e+00
-1.312835741768041409e-01 -1.000000000000000000e+00
-1.989301094914683876e-01 -1.000000000000000000e+00
-1.965696716061422489e-01 -1.000000000000000000e+00
-2.003502098764605721e-01 -1.000000000000000000e+00
-2.027234587211550476e-01 -1.000000000000000000e+00
-1.798658231181943234e-01 -1.000000000000000000e+00
-1.774989765034188371e-01 -1.000000000000000000e+00
-2.031990726754087095e-01 -1.000000000000000000e+00
-6.340859817315125380e-02 -1.000000000000000000e+00
-1.965696716061422489e-01 -1.000000000000000000e+00
-1.869443102648556954e-01 -1.000000000000000000e+00
-1.368976973065536562e-01 -1.000000000000000000e+00
-1.916078400723614239e-01 -1.000000000000000000e+00
-2.046278468264595141e-01 -1.000000000000000000e+00
-2.046278468264595141e-01 -1.000000000000000000e+00
